%%MatrixMarket matrix coordinate real symmetric
662 662 1568
1 1  1.4228970000000e+03
222 1 -2.8653300000000e+00
286 1 -1.1363640000000e+01
2 2  1.0620990000000e+02
9 2 -2.5906730000000e+00
228 2 -1.0000000000000e+02
298 2 -3.6192540000000e+00
3 3  6.0945060000000e+01
95 3 -3.1446540000000e+01
166 3 -2.9498530000000e+01
4 4  6.1890250000000e+00
126 4 -2.7631940000000e+00
259 4 -3.4258310000000e+00
5 5  8.8031730000000e+00
83 5 -6.4102560000000e+00
228 5 -2.3929170000000e+00
6 6  1.4570730000000e+01
109 6 -5.2770450000000e+00
213 6 -9.2936800000000e+00
7 7  7.3622990000000e+00
45 7 -4.3610990000000e+00
65 7 -3.0012000000000e+00
8 8  1.4065840000000e+02
38 8 -4.1152260000000e+01
117 8 -6.0901340000000e+00
119 8 -2.2371360000000e+01
199 8 -1.2135920000000e+01
211 8 -1.6891890000000e+01
267 8 -4.2016810000000e+01
9 9  5.5405260000000e+00
222 9 -2.9498530000000e+00
10 10  3.2911140000000e+01
49 10 -4.0832990000000e+00
106 10 -2.1367520000000e+01
216 10 -1.9047620000000e+00
303 10 -5.5555550000000e+00
11 11  6.5775930000000e+00
122 11 -2.0872470000000e+00
124 11 -4.4903460000000e+00
12 12  1.9762380000000e+01
25 12 -5.8927520000000e+00
80 12 -1.3869630000000e+01
13 13  6.0700260000000e+00
90 13 -2.9154520000000e+00
294 13 -3.1545740000000e+00
14 14  2.4922590000000e+01
80 14 -1.2406950000000e+01
245 14 -1.2515650000000e+01
15 15  1.1674450000000e+01
24 15 -2.7063600000000e+00
86 15 -1.9813750000000e+00
137 15 -2.1294720000000e+00
165 15 -1.1807770000000e+00
304 15 -3.6764700000000e+00
16 16  1.0988020000000e+01
57 16 -5.9880240000000e+00
277 16 -5.0000000000000e+00
17 17  5.0939200000000e+00
223 17 -2.7129680000000e+00
231 17 -2.3809520000000e+00
18 18  2.1210770000000e+01
251 18 -1.2506880000000e+00
289 18 -1.9960080000000e+01
19 19  6.0442020000000e+00
201 19 -3.6845980000000e+00
236 19 -2.3596040000000e+00
20 20  2.9343900000000e+01
122 20 -7.0224720000000e+00
141 20 -2.2321430000000e+01
21 21  1.5549660000000e+01
75 21 -7.3529410000000e+00
273 21 -8.1967210000000e+00
22 22  1.4572700000000e+01
27 22 -2.9717680000000e+00
227 22 -1.1600930000000e+01
23 23  5.5927890000000e+00
34 23 -1.5943880000000e+00
89 23 -3.9984010000000e+00
24 24  4.8160640000000e+00
187 24 -2.1097040000000e+00
25 25  6.7651660000000e+01
158 25 -6.5789480000000e+00
193 25 -1.5060240000000e+01
289 25 -2.4390240000000e+01
305 25 -1.5729480000000e+01
26 26  4.8837980000000e+00
202 26 -2.1612270000000e+00
250 26 -2.7225700000000e+00
27 27  5.1126380000000e+00
69 27 -2.1408690000000e+00
28 28  1.1146350000000e+01
33 28 -6.5274150000000e+00
140 28 -4.6189370000000e+00
29 29  2.1889260000000e+01
54 29 -5.5493900000000e+00
238 29 -1.6339870000000e+01
30 30  5.4976490000000e+00
149 30 -2.3320900000000e+00
154 30 -3.1655590000000e+00
31 31  2.3217880000000e+01
96 31 -5.6053810000000e+00
97 31 -6.0422960000000e+00
308 31 -1.1570200000000e+01
32 32  8.9971080000000e+00
157 32 -6.1881190000000e+00
271 32 -2.8089890000000e+00
33 33  1.1650370000000e+01
228 33 -5.1229510000000e+00
34 34  5.8520820000000e+01
48 34 -6.2111800000000e+00
136 34 -4.1322310000000e+00
166 34 -1.6611300000000e+01
167 34 -1.6129030000000e+01
196 34 -2.2883300000000e+00
310 34 -1.1554360000000e+01
35 35  7.0180010000000e+00
370 35 -7.0180010000000e+00
36 36  1.7774690000000e+01
265 36 -4.6685340000000e+00
281 36 -1.3106160000000e+01
37 37  2.4393440000000e+01
68 37 -1.6393440000000e+01
277 37 -8.0000000000000e+00
38 38  7.9911960000000e+01
105 38 -3.8759690000000e+01
39 39  4.5901880000000e+01
104 39 -2.6178010000000e+01
267 39 -1.9723870000000e+01
40 40  6.9540260000000e+00
124 40 -3.2310180000000e+00
293 40 -3.7230080000000e+00
41 41  1.3034330000000e+01
98 41 -9.6061490000000e+00
214 41 -3.4281800000000e+00
42 42  3.5714280000000e+01
264 42 -3.5714280000000e+01
43 43  7.8102950000000e+00
264 43 -5.4259360000000e+00
287 43 -2.3843590000000e+00
44 44  2.1098350000000e+01
67 44 -3.7593980000000e+00
75 44 -2.4189650000000e+00
146 44 -2.7693160000000e+00
188 44 -1.2150670000000e+01
45 45  9.9296100000000e+00
210 45 -3.0969340000000e+00
234 45 -2.4715770000000e+00
46 46  1.0060920000000e+01
81 46 -3.6995930000000e+00
277 46 -6.3613230000000e+00
47 47  5.0935000000000e+00
182 47 -2.3980820000000e+00
201 47 -2.6954180000000e+00
48 48  1.1211180000000e+01
286 48 -5.0000000000000e+00
49 49  7.9030090000000e+00
212 49 -3.8197100000000e+00
50 50  1.3822440000000e+01
171 50 -8.7719300000000e+00
185 50 -5.0505050000000e+00
51 51  9.3816460000000e+00
168 51 -5.0787200000000e+00
272 51 -4.3029260000000e+00
52 52  1.6544980000000e+01
237 52 -1.1363640000000e+01
272 52 -5.1813470000000e+00
53 53  1.5798590000000e+01
318 53 -1.5798590000000e+01
54 54  1.1356590000000e+01
108 54 -5.8072010000000e+00
55 55  8.6921860000000e+00
206 55 -6.0240960000000e+00
290 55 -2.6680900000000e+00
56 56  1.2265370000000e+01
132 56 -3.0525030000000e+00
149 56 -3.7467220000000e+00
151 56 -2.3986570000000e+00
176 56 -3.0674850000000e+00
57 57  9.8564960000000e+00
192 57 -3.8684720000000e+00
58 58  2.0460700000000e+01
125 58 -3.6643460000000e+00
232 58 -4.0700040000000e+00
238 58 -2.6434050000000e+00
284 58 -2.7300030000000e+00
319 58 -7.3529410000000e+00
59 59  7.0186680000000e+00
108 59 -1.8211620000000e+00
282 59 -5.1975050000000e+00
60 60  2.7027030000000e+01
277 60 -2.7027030000000e+01
61 61  1.2196720000000e+01
146 61 -4.0000000000000e+00
224 61 -8.1967210000000e+00
62 62  6.6931760000000e+00
152 62 -2.0656890000000e+00
190 62 -4.6274870000000e+00
63 63  1.0616130000000e+01
113 63 -5.4347830000000e+00
184 63 -5.1813470000000e+00
64 64  2.1683070000000e+01
322 64 -2.1683070000000e+01
65 65  5.5898620000000e+00
143 65 -2.5886620000000e+00
66 66  1.9147290000000e+01
203 66 -5.8139530000000e+00
253 66 -1.3333330000000e+01
67 67  2.3444440000000e+01
296 67 -1.9685040000000e+01
68 68  2.4038700000000e+01
281 68 -7.6452600000000e+00
69 69  2.4455650000000e+01
214 69 -1.7869910000000e+00
262 69 -9.8039220000000e+00
326 69 -1.0723860000000e+01
70 70  3.3809520000000e+01
75 70 -1.0000000000000e+01
198 70 -2.3809520000000e+01
71 71  1.7310000000000e+01
75 71 -8.9766610000000e+00
197 71 -8.3333340000000e+00
72 72  4.1010500000000e+01
117 72 -1.1248590000000e+01
142 72 -2.9761910000000e+01
73 73  3.3936650000000e+01
129 73 -1.9230770000000e+01
142 73 -1.4705880000000e+01
74 74  4.1020570000000e+01
100 74 -1.1627910000000e+01
113 74 -5.1867220000000e+00
133 74 -7.8125000000000e+00
217 74 -1.6393440000000e+01
75 75  3.7546010000000e+01
241 75 -3.0864200000000e+00
328 75 -5.7110220000000e+00
76 76  4.1466980000000e+00
234 76 -2.0108590000000e+00
255 76 -2.1358390000000e+00
77 77  2.4096390000000e+01
118 77 -2.4096390000000e+01
78 78  1.0629500000000e+01
142 78 -5.4854640000000e+00
144 78 -5.1440330000000e+00
79 79  1.1040770000000e+01
215 79 -6.8965520000000e+00
294 79 -4.1442190000000e+00
80 80  2.6276580000000e+01
81 81  1.8362350000000e+01
226 81 -1.4662760000000e+01
82 82  1.3342200000000e+01
217 82 -6.2500000000000e+00
252 82 -7.0921980000000e+00
83 83  1.0819430000000e+01
124 83 -4.4091710000000e+00
84 84  4.8062890000000e+01
118 84 -1.3698630000000e+01
195 84 -3.4364260000000e+01
85 85  1.2566970000000e+01
139 85 -6.5789480000000e+00
196 85 -5.9880240000000e+00
86 86  5.4560100000000e+00
201 86 -3.4746350000000e+00
87 87  1.5748030000000e+01
331 87 -1.5748030000000e+01
88 88  2.5420050000000e+01
161 88 -1.2210010000000e+01
197 88 -1.3210040000000e+01
89 89  1.1255300000000e+01
293 89 -7.2568950000000e+00
90 90  7.2072980000000e+00
136 90 -4.2918460000000e+00
91 91  1.5366990000000e+01
333 91 -1.5366990000000e+01
92 92  2.3622050000000e+01
337 92 -2.3622050000000e+01
93 93  6.1707710000000e+00
216 93 -3.5460990000000e+00
264 93 -2.6246720000000e+00
94 94  2.2596480000000e+01
167 94 -1.7857140000000e+01
247 94 -4.7393360000000e+00
95 95  3.5910820000000e+01
246 95 -4.4642850000000e+00
96 96  1.4248420000000e+01
227 96 -8.6430430000000e+00
97 97  1.7738200000000e+01
288 97 -1.1695910000000e+01
98 98  1.9542230000000e+01
170 98 -3.9872410000000e+00
288 98 -5.9488400000000e+00
99 99  2.6406130000000e+00
210 99 -2.6406130000000e+00
100 100  1.1627910000000e+01
101 101  9.3670200000000e+00
221 101 -6.2853550000000e+00
233 101 -3.0816640000000e+00
102 102  2.2291670000000e+01
229 102 -6.6666670000000e+00
273 102 -1.5625000000000e+01
103 103  2.2245890000000e+01
343 103 -2.2245890000000e+01
104 104  3.1925140000000e+01
253 104 -5.7471270000000e+00
105 105  5.2883980000000e+01
291 105 -1.4124290000000e+01
106 106  2.5551620000000e+01
191 106 -4.1841010000000e+00
107 107  1.0413680000000e+02
135 107 -5.9880240000000e+01
193 107 -1.8214940000000e+01
251 107 -2.6041670000000e+01
108 108  2.7050970000000e+01
121 108 -1.1520740000000e+01
202 108 -2.3463160000000e+00
344 108 -5.5555550000000e+00
109 109  9.3044310000000e+00
271 109 -4.0273860000000e+00
110 110  1.3223140000000e+01
162 110 -9.0909090000000e+00
189 110 -4.1322310000000e+00
111 111  9.2918810000000e+00
219 111 -2.4752470000000e+00
264 111 -6.8166330000000e+00
112 112  8.9004250000000e+00
202 112 -3.6010080000000e+00
284 112 -5.2994170000000e+00
113 113  3.5339890000000e+01
265 113 -4.2918460000000e+00
275 113 -9.2936800000000e+00
345 113 -1.1132860000000e+01
114 114  1.8798830000000e+01
171 114 -3.3189510000000e+00
229 114 -1.5479880000000e+01
115 115  1.0008210000000e+01
134 115 -6.1050060000000e+00
194 115 -3.9032010000000e+00
116 116  3.2436010000000e+01
129 116 -2.2727270000000e+01
200 116 -9.7087380000000e+00
117 117  1.7338730000000e+01
118 118  5.2260260000000e+01
347 118 -1.4465240000000e+01
119 119  5.6753650000000e+01
120 119 -1.9230770000000e+01
199 119 -1.5151520000000e+01
120 120  2.4740410000000e+01
142 120 -5.5096420000000e+00
121 121  1.4767490000000e+01
134 121 -3.2467530000000e+00
122 122  2.6154420000000e+01
152 122 -3.8925650000000e+00
155 122 -5.8754410000000e+00
348 122 -7.2766990000000e+00
123 123  1.4285720000000e+01
224 123 -8.3333340000000e+00
262 123 -5.9523810000000e+00
124 124  1.5124550000000e+01
239 124 -2.9940120000000e+00
125 125  8.4126840000000e+00
156 125 -4.7483380000000e+00
126 126  7.0716820000000e+00
168 126 -4.3084880000000e+00
127 127  2.0464570000000e+01
349 127 -2.0464570000000e+01
128 128  2.6979580000000e+01
155 128 -2.5893320000000e+00
192 128 -2.4390240000000e+01
129 129  4.1958040000000e+01
130 130  9.9942490000000e+00
144 130 -4.4014080000000e+00
221 130 -5.5928410000000e+00
131 131  7.0343140000000e+01
277 131 -3.6764700000000e+00
281 131 -6.6666670000000e+01
132 132  1.1599510000000e+01
287 132 -8.5470090000000e+00
133 133  1.9860690000000e+01
276 133 -1.2048190000000e+01
134 134  9.3517600000000e+00
135 135  9.1717860000000e+01
251 135 -1.8152110000000e+01
277 135 -1.3685510000000e+01
136 136  8.4240770000000e+00
137 137  4.7349960000000e+00
208 137 -2.6055240000000e+00
138 138  1.6806060000000e+01
142 138 -1.3793100000000e+01
261 138 -3.0129560000000e+00
139 139  1.1814550000000e+01
292 139 -5.2356020000000e+00
140 140  1.5057350000000e+01
192 140 -1.0438410000000e+01
141 141  2.9032840000000e+01
223 141 -6.7114090000000e+00
142 142  7.3102150000000e+01
357 142 -3.8461540000000e+00
143 143  1.5030550000000e+01
215 143 -4.0832990000000e+00
292 143 -4.7393360000000e+00
358 143 -3.6192540000000e+00
144 144  9.5454420000000e+00
145 145  1.6647320000000e+01
359 145 -1.6647320000000e+01
146 146  1.6327360000000e+01
188 146 -3.5842290000000e+00
224 146 -2.9129040000000e+00
367 146 -3.0609120000000e+00
147 147  1.8587530000000e+01
237 147 -2.7770060000000e+00
369 147 -1.5810520000000e+01
148 148  2.3680060000000e+01
220 148 -6.9444450000000e+00
246 148 -3.5650630000000e+00
259 148 -1.0235410000000e+01
260 148 -2.9351330000000e+00
149 149  6.0788110000000e+00
150 150  8.0665820000000e+00
224 150 -4.5454550000000e+00
241 150 -3.5211270000000e+00
151 151  1.1489570000000e+01
213 151 -9.0909090000000e+00
152 152  5.9582540000000e+00
153 153  5.5897150000000e+00
376 153 -5.5897150000000e+00
154 154  7.3080610000000e+00
294 154 -4.1425020000000e+00
155 155  8.4647720000000e+00
156 156  2.3853850000000e+01
194 156 -6.1919500000000e+00
206 156 -1.7006800000000e+00
275 156 -2.5188920000000e+00
278 156 -3.9093040000000e+00
285 156 -4.7846890000000e+00
157 157  2.4503140000000e+01
230 157 -1.8315020000000e+01
158 158  1.6783030000000e+01
276 158 -1.0204080000000e+01
159 159  4.7549020000000e+01
203 159 -5.8823530000000e+00
233 159 -4.1666670000000e+01
160 160  3.1538320000000e+01
193 160 -1.8204990000000e+01
277 160 -1.3333330000000e+01
161 161  1.9579210000000e+01
253 161 -7.3691960000000e+00
162 162  5.4545450000000e+01
254 162 -4.5454540000000e+01
163 163  1.3940480000000e+01
245 163 -1.0319920000000e+01
280 163 -3.6205650000000e+00
164 164  2.0248360000000e+01
382 164 -2.0248360000000e+01
165 165  8.2597240000000e+00
209 165 -2.2202490000000e+00
255 165 -1.3948950000000e+00
346 165 -3.4638030000000e+00
166 166  4.6109820000000e+01
167 167  3.3986180000000e+01
168 168  9.3872080000000e+00
169 169  9.8134520000000e+00
173 169 -5.2659300000000e+00
260 169 -4.5475220000000e+00
170 170  1.0841250000000e+01
229 170 -6.8540100000000e+00
171 171  3.8318920000000e+01
186 171 -4.3554010000000e+00
240 171 -5.0505050000000e+00
383 171 -1.6822130000000e+01
172 172  1.3165510000000e+01
222 172 -3.9062500000000e+00
272 172 -9.2592590000000e+00
173 173  2.9362320000000e+01
272 173 -2.4096390000000e+01
174 174  7.5815010000000e+00
281 174 -7.5815010000000e+00
175 175  1.4265340000000e+01
233 175 -1.4265340000000e+01
176 176  5.7171930000000e+00
239 176 -2.6497090000000e+00
177 177  2.2364960000000e+01
385 177 -2.2364960000000e+01
178 178  1.1287760000000e+01
245 178 -5.8823530000000e+00
249 178 -5.4054060000000e+00
179 179  2.1724780000000e+01
388 179 -2.1724780000000e+01
180 180  3.8461540000000e+01
207 180 -3.8461540000000e+01
181 181  1.8416210000000e+01
207 181 -1.8416210000000e+01
182 182  4.4101540000000e+00
208 182 -2.0120720000000e+00
183 183  1.3673200000000e+01
191 183 -3.0349010000000e+00
201 183 -1.0638300000000e+01
184 184  3.0181350000000e+01
258 184 -2.5000000000000e+01
185 185  1.2142700000000e+01
207 185 -7.0921980000000e+00
186 186  1.3283970000000e+01
207 186 -8.9285710000000e+00
187 187  5.1118060000000e+00
242 187 -3.0021020000000e+00
188 188  1.5734900000000e+01
189 189  1.0382230000000e+01
192 189 -6.2500000000000e+00
190 190  9.0699580000000e+00
230 190 -4.4424700000000e+00
191 191  7.2190020000000e+00
192 192  4.7297310000000e+01
290 192 -2.3501760000000e+00
193 193  5.1480170000000e+01
194 194  1.0095150000000e+01
195 195  5.1908120000000e+01
207 195 -1.7543860000000e+01
196 196  8.2763540000000e+00
197 197  2.1543380000000e+01
198 198  3.5173160000000e+01
270 198 -1.1363640000000e+01
199 199  9.2002490000000e+01
211 199 -5.0000000000000e+01
284 199 -2.7770060000000e+00
389 199 -1.1938040000000e+01
200 200  2.1553500000000e+01
233 200 -4.0322580000000e+00
244 200 -7.8125000000000e+00
201 201  2.0492950000000e+01
202 202  1.2890950000000e+01
261 202 -4.7824010000000e+00
203 203  8.5326870000000e+01
205 203 -9.1827360000000e+00
244 203 -5.8823520000000e+01
391 203 -5.6242970000000e+00
204 204  5.6704420000000e+01
206 204 -4.8780490000000e+01
281 204 -7.9239300000000e+00
205 205  1.6335810000000e+01
253 205 -7.1530760000000e+00
206 206  6.9868740000000e+01
258 206 -3.5842290000000e+00
283 206 -4.0551500000000e+00
392 206 -5.7240980000000e+00
207 207  9.0442380000000e+01
208 208  5.8214000000000e+00
209 208 -1.2038040000000e+00
209 209  3.4240530000000e+00
210 210  5.7375470000000e+00
211 211  6.6891890000000e+01
212 212  1.0185080000000e+01
287 212 -6.3653720000000e+00
213 213  2.1362550000000e+01
231 213 -2.9779630000000e+00
214 214  5.2151700000000e+00
215 215  1.0979850000000e+01
216 216  2.9547250000000e+01
266 216 -2.4096390000000e+01
217 217  2.2643440000000e+01
218 218  1.7100090000000e+01
395 218 -1.7100090000000e+01
219 219  5.1158600000000e+00
271 219 -2.6406130000000e+00
220 220  3.2174020000000e+01
269 220 -1.9230770000000e+01
396 220 -5.9988000000000e+00
221 221  1.1878200000000e+01
222 222  9.7214320000000e+00
223 223  9.4243770000000e+00
224 224  2.3988410000000e+01
225 225  1.2850160000000e+01
401 225 -1.2850160000000e+01
226 226  4.1400730000000e+01
245 226 -2.6737970000000e+01
227 227  2.0243970000000e+01
228 228  1.1130520000000e+02
280 228 -3.7893140000000e+00
229 229  4.1011570000000e+01
270 229 -4.1493780000000e+00
402 229 -7.8616350000000e+00
230 230  2.5433430000000e+01
231 230 -2.6759430000000e+00
231 231  1.1635870000000e+01
403 231 -3.6010080000000e+00
232 232  4.0700040000000e+00
233 233  6.7614220000000e+01
296 233 -4.5682960000000e+00
234 234  1.5676480000000e+01
235 234 -3.1426780000000e+00
268 234 -4.2735040000000e+00
404 234 -3.7778620000000e+00
235 235  7.2126820000000e+00
295 235 -4.0700040000000e+00
236 236  5.1144250000000e+00
266 236 -2.7548210000000e+00
237 237  1.4140640000000e+01
238 238  1.8983270000000e+01
239 239  5.6437210000000e+00
240 240  5.0505050000000e+00
241 241  6.6075470000000e+00
242 242  8.6785550000000e+00
268 242 -3.7878790000000e+00
287 242 -1.8885740000000e+00
243 243  1.5735640000000e+01
406 243 -1.5735640000000e+01
244 244  6.6636020000000e+01
245 245  7.8400450000000e+01
254 245 -1.1764710000000e+01
407 245 -1.1179850000000e+01
246 246  8.0293480000000e+00
247 247  1.8072670000000e+01
269 247 -1.3333330000000e+01
248 248  1.6557730000000e+01
414 248 -1.6557730000000e+01
249 249  2.2174200000000e+01
415 249 -1.6768800000000e+01
250 250  5.4201690000000e+00
282 250 -2.6975990000000e+00
251 251  4.5444470000000e+01
252 252  1.8209710000000e+01
416 252 -1.1117510000000e+01
253 253  7.2186970000000e+01
291 253 -2.7700830000000e+01
417 253 -1.0883410000000e+01
254 254  5.7219250000000e+01
255 255  3.5307340000000e+00
256 256  1.6666670000000e+00
418 256 -1.6666670000000e+00
257 257  1.6666670000000e+00
419 257 -1.6666670000000e+00
258 258  2.8584230000000e+01
259 259  1.3661250000000e+01
260 260  7.4826550000000e+00
261 261  7.7953570000000e+00
262 262  1.5756300000000e+01
263 263  1.6120450000000e+01
423 263 -1.6120450000000e+01
264 264  5.4340920000000e+01
424 264 -3.7593980000000e+00
265 265  8.9603800000000e+00
266 266  2.6851210000000e+01
267 267  6.1740670000000e+01
268 268  8.0613830000000e+00
269 269  3.2564100000000e+01
270 270  1.5513010000000e+01
271 271  9.4769880000000e+00
272 272  4.8373950000000e+01
425 272 -5.5340340000000e+00
273 273  2.3821720000000e+01
274 274  5.5834730000000e+00
427 274 -5.5834730000000e+00
275 275  1.1812570000000e+01
276 276  2.2252280000000e+01
277 277  9.4153810000000e+01
428 277 -1.7070140000000e+01
278 278  2.8979390000000e+01
283 278 -3.7481260000000e+00
285 278 -2.1321960000000e+01
279 279  3.0476390000000e+01
429 279 -3.0476390000000e+01
280 280  7.4098790000000e+00
281 281  1.0292350000000e+02
282 282  7.8951050000000e+00
283 283  7.8032760000000e+00
284 284  1.0806430000000e+01
285 285  2.6106650000000e+01
286 286  1.6363640000000e+01
287 287  1.9185310000000e+01
288 288  1.7644750000000e+01
289 289  4.4350330000000e+01
290 290  5.0182660000000e+00
291 291  4.1825130000000e+01
292 292  9.9749380000000e+00
293 293  1.3241830000000e+01
294 293 -2.2619320000000e+00
294 294  1.6088720000000e+01
295 294 -2.3854960000000e+00
295 295  6.4555000000000e+00
296 296  2.4253340000000e+01
297 297  5.8445350000000e+00
448 297 -5.8445350000000e+00
298 298  7.3313020000000e+02
312 298 -4.1666670000000e+02
313 298 -2.9411760000000e+02
407 298 -1.8726590000000e+01
299 299  3.9854870000000e+02
300 299 -6.6666670000000e+00
336 299 -1.0416670000000e+02
339 299 -5.5157200000000e+01
343 299 -2.3255810000000e+02
300 300  6.6666670000000e+00
301 301  3.1152650000000e+02
371 301 -3.1152650000000e+02
302 302  3.1152650000000e+02
372 302 -3.1152650000000e+02
303 303  2.7126690000000e+01
304 303 -9.7087380000000e+00
424 303 -1.1862400000000e+01
304 304  2.2593310000000e+01
346 304 -9.2081030000000e+00
305 305  3.5251930000000e+02
345 305 -3.3388980000000e+01
366 305 -6.2111800000000e+01
394 305 -4.2762450000000e+01
407 305 -3.8910510000000e+01
420 305 -3.1847140000000e+01
428 305 -3.0303030000000e+01
436 305 -9.7465890000000e+01
306 306  5.6712600000000e+02
307 306 -9.8039220000000e+01
308 306 -3.0395140000000e+01
309 306 -3.2154340000000e+01
378 306 -1.1235960000000e+02
379 306 -1.1235960000000e+02
434 306 -1.8181820000000e+02
307 307  1.4932130000000e+02
381 307 -5.1282050000000e+01
308 308  2.8714600000000e+02
419 308 -3.9525690000000e+01
421 308 -2.0565500000000e+02
309 309  6.4851910000000e+02
321 309 -7.4074070000000e+01
326 309 -1.1063170000000e+01
328 309 -2.5438820000000e+01
332 309 -1.1061950000000e+01
341 309 -2.0283980000000e+02
342 309 -2.0283980000000e+02
422 309 -8.9047200000000e+01
310 310  1.6927460000000e+02
311 310 -4.0000000000000e+01
312 310 -1.1363640000000e+01
370 310 -9.6899220000000e+00
410 310 -1.6666670000000e+01
426 310 -8.0000000000000e+01
311 311  3.1777780000000e+02
645 311 -2.7777780000000e+02
312 312  4.2803030000000e+02
313 313  2.9411760000000e+02
314 314  5.9555550000000e+02
315 314 -4.0000000000000e+01
413 314 -5.5555550000000e+02
315 315  5.1318270000000e+02
322 315 -1.4925370000000e+02
343 315 -1.5151520000000e+02
386 315 -1.7241380000000e+02
316 316  5.3386910000000e+02
380 316 -3.8461540000000e+02
420 316 -1.4925370000000e+02
317 317  2.5914390000000e+02
377 317 -1.4925370000000e+02
432 317 -1.0989010000000e+02
318 318  2.3649300000000e+02
359 318 -1.1627910000000e+02
361 318 -2.9949090000000e+01
395 318 -3.9525690000000e+01
423 318 -3.4940600000000e+01
319 319  1.0469610000000e+02
324 319 -6.2500000000000e+01
442 319 -3.4843200000000e+01
320 320  2.5412770000000e+01
336 320 -2.5412770000000e+01
321 321  8.4330490000000e+02
418 321 -7.6923080000000e+02
322 322  5.5907230000000e+02
377 322 -2.1739130000000e+02
386 322 -9.0744100000000e+01
430 322 -8.0000000000000e+01
323 323  6.6435400000000e+01
393 323 -5.0761420000000e+01
456 323 -1.5673980000000e+01
324 324  1.5138890000000e+02
389 324 -2.3529410000000e+01
417 324 -6.5359470000000e+01
325 325  2.6771100000000e+02
331 325 -5.4945050000000e+01
429 325 -2.1276600000000e+02
326 326  6.2257000000000e+01
332 326 -1.9157090000000e+01
458 326 -2.1312870000000e+01
327 327  9.5705500000000e+01
357 327 -8.5470090000000e+01
579 327 -1.0235410000000e+01
328 328  2.9224640000000e+02
437 328 -2.6109660000000e+02
329 329  1.4285710000000e+02
429 329 -1.4285710000000e+02
330 330  3.9603960000000e+01
433 330 -3.9603960000000e+01
331 331  1.5730290000000e+02
418 331 -7.3529410000000e+01
435 331 -1.3080450000000e+01
332 332  3.8686440000000e+01
367 332 -8.4674010000000e+00
333 333  2.0550280000000e+02
334 333 -5.7045070000000e+01
335 333 -5.7045070000000e+01
376 333 -7.6045620000000e+01
334 334  2.9023720000000e+02
385 334 -1.2658230000000e+02
414 334 -1.0660980000000e+02
335 335  2.9023720000000e+02
385 335 -1.2658230000000e+02
414 335 -1.0660980000000e+02
336 336  1.9368200000000e+02
386 336 -6.4102570000000e+01
337 337  2.2068090000000e+02
388 337 -1.7146780000000e+01
429 337 -1.1701900000000e+02
448 337 -6.2893080000000e+01
338 338  2.8145790000000e+02
340 338 -8.3333340000000e+00
400 338 -1.0810810000000e+02
432 338 -1.6501650000000e+02
339 339  1.7317740000000e+02
340 339 -8.1300810000000e+00
400 339 -1.0989010000000e+02
340 340  1.6463420000000e+01
341 341  2.0283980000000e+02
342 342  2.0283980000000e+02
343 343  1.3481950000000e+03
377 343 -8.7719300000000e+02
432 343 -6.4683050000000e+01
344 344  3.1871350000000e+01
503 344 -2.6315790000000e+01
345 345  1.8032820000000e+02
406 345 -3.1545740000000e+01
416 345 -3.7593990000000e+01
442 345 -6.6666670000000e+01
346 346  1.6668710000000e+01
404 346 -3.9968030000000e+00
347 347  1.8496560000000e+02
383 347 -4.0225260000000e+01
445 347 -8.0256820000000e+00
448 347 -1.2224940000000e+02
348 348  1.0023650000000e+02
351 348 -2.4937650000000e+01
356 348 -4.0000000000000e+01
394 348 -1.8563210000000e+01
492 348 -9.4589480000000e+00
349 349  3.8731800000000e+02
350 349 -6.1349690000000e+01
398 349 -3.0550380000000e+02
350 350  1.9169730000000e+02
382 350 -7.3529410000000e+01
401 350 -5.6818180000000e+01
351 351  3.3094260000000e+01
426 351 -8.1566070000000e+00
352 352  1.4498870000000e+02
375 352 -2.0929260000000e+00
401 352 -8.7950740000000e+01
421 352 -5.4945050000000e+01
353 353  3.6108730000000e+01
424 353 -1.8656720000000e+01
572 353 -1.7452010000000e+01
354 354  9.6711800000000e+00
370 354 -9.6711800000000e+00
355 355  4.0903290000000e+01
358 355 -1.9305020000000e+01
427 355 -2.1598270000000e+01
356 356  5.0660980000000e+01
403 356 -1.0660980000000e+01
357 357  1.2119640000000e+02
384 357 -1.2195120000000e+01
389 357 -1.9685040000000e+01
358 358  3.0730680000000e+01
404 358 -7.8064020000000e+00
359 359  2.7370630000000e+02
360 359 -6.4935070000000e+01
385 359 -2.9761910000000e+01
423 359 -4.6082950000000e+01
360 360  1.6067010000000e+02
385 360 -5.2631580000000e+01
388 360 -4.3103450000000e+01
361 361  1.1107260000000e+02
362 361 -1.7583960000000e+00
415 361 -7.9365080000000e+01
362 362  1.7583960000000e+00
363 363  1.0723650000000e+02
364 363 -1.7583960000000e+00
385 363 -2.6737970000000e+01
415 363 -7.8740160000000e+01
364 364  1.7583960000000e+00
365 365  1.2949690000000e+02
423 365 -4.3290040000000e+01
436 365 -8.6206890000000e+01
366 366  1.0540180000000e+02
423 366 -4.3290040000000e+01
367 367  2.4725050000000e+01
368 367 -3.0609120000000e+00
390 367 -1.0135820000000e+01
368 368  3.0609120000000e+00
369 369  6.6643950000000e+01
409 369 -1.3097580000000e+01
414 369 -3.7735850000000e+01
370 370  8.3226550000000e+01
410 370 -1.7006800000000e+01
427 370 -3.9840640000000e+01
371 371  3.9848300000000e+02
382 371 -8.6956520000000e+01
372 372  3.9152650000000e+02
399 372 -8.0000000000000e+01
373 373  6.4172380000000e+01
375 373 -2.0605810000000e+00
421 373 -6.2111800000000e+01
374 374  6.3018930000000e+01
375 374 -2.0433180000000e+00
421 374 -6.0975610000000e+01
375 375  6.1968250000000e+00
376 376  1.1184680000000e+02
414 376 -3.0211480000000e+01
377 377  1.2438380000000e+03
378 378  2.4451090000000e+02
434 378 -5.0251260000000e+01
648 378 -8.1900080000000e+01
379 379  2.0659440000000e+02
441 379 -3.7091990000000e+01
650 379 -5.7142860000000e+01
380 380  5.2747250000000e+02
428 380 -1.4285710000000e+02
381 381  2.6014360000000e+02
382 381 -3.9370080000000e+01
431 381 -1.6949150000000e+02
382 382  3.3644000000000e+02
398 382 -6.9444440000000e+01
419 382 -2.1645020000000e+01
443 382 -2.5246150000000e+01
383 383  3.7410040000000e+02
402 383 -2.6954180000000e+01
435 383 -2.9009880000000e+02
384 384  2.7771450000000e+01
417 384 -1.5576320000000e+01
385 385  4.4833440000000e+02
386 385 -2.0000000000000e+01
387 385 -4.1476560000000e+00
395 385 -3.9525690000000e+01
386 386  3.4726050000000e+02
387 387  4.1476560000000e+00
388 388  1.2933070000000e+02
406 388 -3.5714280000000e+01
442 388 -1.1641440000000e+01
389 389  5.5152490000000e+01
390 390  1.1792370000000e+02
391 390 -5.3821310000000e+01
417 390 -5.3966540000000e+01
391 391  5.9445610000000e+01
392 392  1.4170040000000e+01
442 392 -8.4459460000000e+00
393 393  3.7934110000000e+02
394 393 -9.2038660000000e+01
408 393 -4.6992480000000e+01
413 393 -5.7803470000000e+01
441 393 -8.2508250000000e+01
566 393 -4.9236830000000e+01
394 394  2.7387630000000e+02
428 394 -1.2051190000000e+02
395 395  1.3628540000000e+02
409 395 -4.6728970000000e+00
414 395 -3.5460990000000e+01
396 396  2.1433210000000e+02
410 396 -2.0833330000000e+02
397 397  6.0000000000000e+01
398 397 -2.0000000000000e+01
399 397 -2.0000000000000e+01
400 397 -2.0000000000000e+01
398 398  4.3734360000000e+02
401 398 -2.4570020000000e+01
432 398 -1.7825310000000e+01
399 399  1.7575110000000e+02
429 399 -7.5751140000000e+01
400 400  2.7133150000000e+02
430 400 -3.3333340000000e+01
401 401  2.1691140000000e+02
421 401 -3.4722220000000e+01
402 402  4.8238630000000e+01
422 402 -1.3422820000000e+01
403 403  2.6209420000000e+01
424 403 -1.1947430000000e+01
404 404  1.5581070000000e+01
405 405  1.1212570000000e+01
421 405 -1.1212570000000e+01
406 406  1.0890240000000e+02
416 406 -2.5906730000000e+01
407 407  6.8816960000000e+01
408 408  7.1296930000000e+02
411 408 -3.5971230000000e+01
413 408 -4.9261080000000e+01
566 408 -2.5188920000000e+01
618 408 -5.5555550000000e+02
409 409  3.7810630000000e+01
410 409 -2.0040160000000e+01
410 410  2.8106200000000e+02
412 410 -1.4265340000000e+01
414 410 -4.7496910000000e+00
411 411  3.5971230000000e+01
412 412  5.8513120000000e+01
415 412 -4.4247790000000e+01
413 413  7.0876680000000e+02
414 413 -4.6146740000000e+01
414 414  3.9183410000000e+02
425 414 -7.7519380000000e+00
415 415  2.1912180000000e+02
416 416  1.0863180000000e+02
442 416 -3.4013600000000e+01
417 417  2.3761370000000e+02
435 417 -1.8083180000000e+01
437 417 -4.4843050000000e+01
438 417 -2.8901730000000e+01
418 418  8.4442690000000e+02
419 419  6.2837380000000e+01
420 420  1.8110090000000e+02
421 421  5.2223710000000e+02
422 421 -2.0672360000000e+01
443 421 -7.1942450000000e+01
422 422  2.0788810000000e+02
445 422 -8.4745760000000e+01
423 423  1.8372410000000e+02
424 424  4.6225940000000e+01
425 425  1.3285970000000e+01
426 426  1.6815660000000e+02
427 426 -8.0000000000000e+01
427 427  1.4702240000000e+02
428 428  3.1074220000000e+02
429 429  5.8741660000000e+02
430 429 -8.5470090000000e+00
430 430  1.2188030000000e+02
431 431  6.0949150000000e+02
432 431 -4.0000000000000e+01
613 431 -4.0000000000000e+02
432 432  4.1449230000000e+02
433 432 -1.7077360000000e+01
433 433  5.6681320000000e+01
434 434  3.5499490000000e+02
435 434 -9.1869540000000e+01
571 434 -3.1055900000000e+01
435 435  4.7027490000000e+02
438 435 -5.7142860000000e+01
436 436  1.8367280000000e+02
437 437  3.5288800000000e+02
439 437 -4.6948360000000e+01
438 438  1.2029120000000e+02
439 438 -3.4246570000000e+01
439 439  8.6487830000000e+01
440 439 -5.2928930000000e+00
440 440  5.2928930000000e+00
441 441  1.6505480000000e+02
442 441 -4.5454540000000e+01
442 442  2.0106540000000e+02
443 443  9.8874090000000e+01
444 443 -1.6854880000000e+00
444 444  1.6854880000000e+00
445 445  2.0905050000000e+02
446 445 -1.1627910000000e+02
446 446  1.1793830000000e+02
447 446 -1.6592000000000e+00
447 447  1.6592000000000e+00
448 448  1.9098700000000e+02
449 449  5.9576510000000e+01
502 449 -1.3280210000000e+01
562 449 -4.6296300000000e+01
450 450  3.2627650000000e+01
525 450 -2.1978020000000e+01
533 450 -1.0649630000000e+01
451 451  2.8926030000000e+01
484 451 -1.4306150000000e+01
500 451 -1.4619880000000e+01
452 452  6.0443640000000e+01
466 452 -4.6948360000000e+01
486 452 -1.3495280000000e+01
453 453  1.8742150000000e+01
555 453 -8.6206900000000e+00
573 453 -1.0121460000000e+01
454 454  2.9394200000000e+01
533 454 -4.5955880000000e+00
553 454 -1.3089010000000e+01
559 454 -1.1709600000000e+01
455 455  1.8956720000000e+01
561 455 -1.2437810000000e+01
584 455 -6.5189050000000e+00
456 456  2.9624800000000e+02
457 456 -1.0869560000000e+02
518 456 -2.8248590000000e+01
544 456 -8.0971660000000e+01
564 456 -3.5335690000000e+01
571 456 -2.7322400000000e+01
457 457  2.8198020000000e+02
508 457 -9.6153850000000e+01
523 457 -1.5432100000000e+01
536 457 -1.7006800000000e+01
552 457 -2.7397260000000e+01
557 457 -9.8039220000000e+00
575 457 -7.4906370000000e+00
458 458  5.0986460000000e+01
585 458 -2.9673590000000e+01
459 459  2.2223630000000e+02
534 459 -3.3557050000000e+01
580 459 -1.8867920000000e+02
460 460  2.0727640000000e+01
510 460 -8.8652480000000e+00
578 460 -1.1862400000000e+01
461 461  1.7802790000000e+01
536 461 -1.1363640000000e+01
560 461 -6.4391500000000e+00
462 462  4.5324040000000e+01
470 462 -2.1739130000000e+01
479 462 -2.3584910000000e+01
463 463  8.3194680000000e+00
575 463 -8.3194680000000e+00
464 464  1.3548270000000e+02
475 464 -8.5251490000000e+00
508 464 -8.0580180000000e+00
558 464 -1.6611300000000e+01
565 464 -2.7100270000000e+01
582 464 -7.5187970000000e+01
465 465  4.4861750000000e+01
476 465 -1.9193860000000e+01
535 465 -6.5703020000000e+00
556 465 -1.1235960000000e+01
585 465 -7.8616350000000e+00
466 466  5.4045590000000e+01
569 466 -7.0972320000000e+00
467 467  4.7587650000000e+01
482 467 -8.5251490000000e+00
545 467 -3.9062500000000e+01
468 468  2.6455030000000e+01
546 468 -2.6455030000000e+01
469 469  3.2811360000000e+01
482 469 -1.1587490000000e+01
524 469 -1.2820510000000e+01
528 469 -8.4033610000000e+00
470 470  5.3008580000000e+01
475 470 -2.1598270000000e+01
557 470 -9.6711800000000e+00
471 471  1.2335740000000e+02
514 471 -6.4683060000000e+00
543 471 -7.3529410000000e+01
548 471 -6.8446270000000e+00
549 471 -1.2547050000000e+01
576 471 -1.0288070000000e+01
579 471 -1.3679890000000e+01
472 472  2.3711100000000e+01
511 472 -9.1157700000000e+00
562 472 -7.3855250000000e+00
583 472 -7.2098050000000e+00
473 473  1.8092810000000e+02
489 473 -5.7471260000000e+01
501 473 -1.2345680000000e+02
474 474  2.5274770000000e+02
490 474 -1.0638300000000e+02
493 474 -3.0303030000000e+01
504 474 -5.2910050000000e+01
563 474 -9.9601590000000e+00
569 474 -5.3191490000000e+01
475 475  5.7242880000000e+01
500 475 -8.9126560000000e+00
558 475 -5.9066740000000e+00
565 475 -1.2300120000000e+01
476 476  5.5165080000000e+01
543 476 -3.5971230000000e+01
477 477  2.8412330000000e+01
529 477 -2.1097050000000e+01
570 477 -7.3152890000000e+00
478 478  1.8690170000000e+02
489 478 -8.6805550000000e+00
505 478 -3.1948880000000e+01
517 478 -1.0162600000000e+01
521 478 -1.4044940000000e+01
527 478 -1.2206470000000e+02
479 479  3.7493110000000e+01
480 479 -1.3908210000000e+01
480 480  1.0892600000000e+02
491 480 -1.1806370000000e+01
497 480 -8.7260040000000e+00
500 480 -6.9492700000000e+00
537 480 -3.9507040000000e+01
565 480 -6.8399450000000e+00
582 480 -5.9453030000000e+00
584 480 -1.5243900000000e+01
481 481  1.6666670000000e+02
536 481 -1.6666670000000e+02
482 482  2.4535090000000e+02
488 482 -7.1787510000000e+00
512 482 -6.2578230000000e+00
521 482 -1.5723270000000e+01
542 482 -1.9607840000000e+02
483 483  1.8925780000000e+01
515 483 -3.7050760000000e+00
517 483 -1.5220700000000e+01
484 484  8.9990970000000e+01
497 484 -2.4937650000000e+01
507 484 -4.3290040000000e+01
529 484 -7.4571210000000e+00
485 485  7.6086960000000e+01
519 485 -4.8309180000000e+01
540 485 -2.7777780000000e+01
486 486  2.8266330000000e+01
496 486 -1.4771050000000e+01
487 487  6.9148270000000e+01
509 487 -4.2194090000000e+01
567 487 -2.6954180000000e+01
488 488  5.4033420000000e+01
516 488 -1.1750880000000e+01
519 488 -6.6137570000000e+00
576 488 -2.8490030000000e+01
489 489  1.8510900000000e+02
545 489 -2.4154590000000e+01
567 489 -8.8888890000000e+01
580 489 -5.9136610000000e+00
490 490  1.0638300000000e+02
491 491  1.9699160000000e+02
513 491 -1.8518520000000e+02
492 492  7.3975070000000e+01
509 492 -6.4516130000000e+01
493 493  4.6536800000000e+01
578 493 -1.6233770000000e+01
494 494  1.0204080000000e+02
575 494 -1.0204080000000e+02
495 495  4.9891960000000e+01
502 495 -9.5693780000000e+00
546 495 -4.0322580000000e+01
496 496  5.5923310000000e+01
539 496 -4.1152260000000e+01
497 497  3.3663660000000e+01
498 498  1.0451610000000e+02
506 498 -4.0000000000000e+01
509 498 -6.4516130000000e+01
499 499  1.0683760000000e+02
549 499 -9.6153850000000e+01
575 499 -1.0683760000000e+01
500 500  7.2096570000000e+01
539 500 -8.1699340000000e+00
582 500 -3.3444820000000e+01
501 501  1.5068620000000e+02
509 501 -2.0202020000000e+01
517 501 -7.0274070000000e+00
502 502  4.5453340000000e+01
522 502 -1.1467890000000e+01
554 502 -1.1135860000000e+01
503 503  4.8637220000000e+01
519 503 -2.2321430000000e+01
504 504  7.8884080000000e+01
555 504 -2.5974030000000e+01
505 505  3.4444890000000e+02
538 505 -3.1250000000000e+02
506 506  8.6511630000000e+01
540 506 -4.6511630000000e+01
507 507  4.3290040000000e+01
508 508  1.0421190000000e+02
509 509  2.1696090000000e+02
567 509 -1.6366610000000e+01
586 509 -9.1659030000000e+00
510 510  1.6890930000000e+01
533 510 -8.0256820000000e+00
511 511  3.0997610000000e+01
570 511 -2.1881840000000e+01
512 512  1.8291520000000e+01
580 512 -1.2033690000000e+01
513 513  2.4435680000000e+02
584 513 -5.9171600000000e+01
514 514  3.7914840000000e+01
575 514 -3.1446540000000e+01
515 515  1.1685920000000e+01
559 515 -7.9808450000000e+00
516 516  2.0469280000000e+01
575 516 -8.7183960000000e+00
517 517  6.8044540000000e+01
555 517 -1.8181820000000e+01
572 517 -1.7452010000000e+01
518 518  2.5258220000000e+02
526 518 -5.5555560000000e+01
564 518 -1.4084510000000e+02
566 518 -2.7932960000000e+01
519 519  7.7244370000000e+01
520 520  5.8233800000000e+01
555 520 -4.4247790000000e+01
569 520 -1.3986010000000e+01
521 521  2.9768210000000e+01
522 522  2.4110120000000e+01
533 522 -1.2642230000000e+01
523 523  4.5017900000000e+01
532 523 -2.9585800000000e+01
524 524  1.2820510000000e+01
525 525  2.9694070000000e+01
573 525 -7.7160490000000e+00
526 526  1.1065200000000e+02
564 526 -5.5096420000000e+01
527 527  1.2206470000000e+02
528 528  3.8160950000000e+01
539 528 -1.9646360000000e+01
558 528 -1.0111220000000e+01
529 529  2.8554170000000e+01
530 530  2.0161290000000e+03
531 530 -2.0000000000000e+03
562 530 -1.6129030000000e+01
531 531  2.0000000000000e+03
532 532  1.0650890000000e+02
574 532 -7.6923070000000e+01
533 533  3.5913120000000e+01
534 534  6.1646940000000e+01
555 534 -2.8089890000000e+01
535 535  6.5703020000000e+00
536 536  2.6981200000000e+02
552 536 -2.2172950000000e+01
574 536 -2.7548210000000e+01
575 536 -2.5053790000000e+01
537 537  3.9507040000000e+01
538 538  3.6997130000000e+02
555 538 -5.7471260000000e+01
539 539  6.8968560000000e+01
540 540  7.4289410000000e+01
541 541  2.6001000000000e+02
550 541 -2.5000000000000e+02
573 541 -1.0010010000000e+01
542 542  1.9607840000000e+02
543 543  1.0950060000000e+02
544 544  2.6053520000000e+02
651 544 -1.5873020000000e+02
659 544 -2.0833330000000e+01
545 545  6.3217090000000e+01
546 546  6.6777600000000e+01
547 547  1.5371420000000e+01
551 547 -5.4112550000000e+00
553 547 -9.9601590000000e+00
548 548  1.5487670000000e+01
585 548 -8.6430430000000e+00
549 549  1.0870090000000e+02
550 550  2.5000000000000e+02
551 551  1.9456200000000e+01
554 551 -1.4044940000000e+01
552 552  4.9570210000000e+01
553 553  2.3049170000000e+01
554 554  2.5180800000000e+01
555 555  1.9828410000000e+02
581 555 -1.5698590000000e+01
556 556  3.2787680000000e+01
585 556 -2.1551720000000e+01
557 557  1.9475100000000e+01
558 558  3.2629200000000e+01
559 559  1.9690450000000e+01
560 560  5.8252620000000e+01
582 560 -5.1813470000000e+01
561 561  2.4692710000000e+01
570 561 -1.2254900000000e+01
562 562  6.9810850000000e+01
563 563  9.9601590000000e+00
564 564  2.8390880000000e+02
565 564 -5.2631580000000e+01
565 565  1.3919450000000e+02
582 565 -4.0322580000000e+01
566 566  2.3837680000000e+02
567 566 -1.0869560000000e+02
568 566 -2.7322400000000e+01
567 567  2.5913080000000e+02
572 567 -1.1611700000000e+01
581 567 -6.6137570000000e+00
568 568  3.2727810000000e+01
569 568 -5.4054060000000e+00
569 569  1.0953090000000e+02
577 569 -2.9850750000000e+01
570 570  4.9516550000000e+01
583 570 -8.0645160000000e+00
571 571  5.8378300000000e+01
572 572  4.6515720000000e+01
573 573  2.7847520000000e+01
574 574  1.0447130000000e+02
575 575  1.9375340000000e+02
576 576  3.8778090000000e+01
577 577  3.8622680000000e+01
581 577 -8.7719300000000e+00
578 578  2.8096160000000e+01
579 579  2.3915310000000e+01
580 580  2.0662660000000e+02
581 581  3.9638600000000e+01
586 581 -8.5543200000000e+00
582 582  2.0671420000000e+02
583 583  1.5274320000000e+01
584 584  8.0934410000000e+01
585 585  6.7729990000000e+01
586 586  1.7720220000000e+01
587 587  1.9608470000000e+02
590 587 -1.8292680000000e+02
628 587 -1.3157900000000e+01
588 588  3.6875920000000e+02
595 588 -1.6129030000000e+02
608 588 -2.0746890000000e+02
589 589  1.7619230000000e+01
610 589 -6.6181340000000e+00
640 589 -1.1001100000000e+01
590 590  3.5276230000000e+02
591 590 -4.7393370000000e+01
608 590 -2.9761910000000e+01
632 590 -2.6455030000000e+01
634 590 -6.6225170000000e+01
591 591  1.9025050000000e+02
662 591 -1.4285710000000e+02
592 592  8.3194670000000e+01
604 592 -8.3194670000000e+01
593 593  4.3676260000000e+02
594 593 -7.3800740000000e+01
596 593 -1.8587360000000e+01
601 593 -2.4691360000000e+01
619 593 -1.8484290000000e+01
628 593 -2.9459710000000e+01
647 593 -2.7173910000000e+02
594 594  1.1211350000000e+02
642 594 -3.5587190000000e+01
646 594 -2.7255380000000e+00
595 595  4.2301580000000e+02
628 595 -6.8728520000000e+01
632 595 -1.0752690000000e+02
639 595 -8.5470090000000e+01
596 596  8.0775350000000e+01
619 596 -3.5087720000000e+01
643 596 -2.7100270000000e+01
597 597  4.4558430000000e+01
598 597 -3.2992410000000e+00
602 597 -4.4111160000000e+00
610 597 -1.7006800000000e+01
635 597 -1.9841270000000e+01
598 598  3.9559570000000e+02
602 598 -1.1961720000000e+01
610 598 -2.9682400000000e+00
611 598 -8.1425590000000e+00
623 598 -2.2471910000000e+02
627 598 -8.8105730000000e+00
635 598 -2.8636880000000e+00
639 598 -1.3283060000000e+02
599 599  2.0947580000000e+02
606 599 -1.0309280000000e+02
614 599 -1.0638300000000e+02
600 600  3.6060920000000e+01
612 600 -1.0449320000000e+01
629 600 -2.5611600000000e+01
601 601  9.2189120000000e+01
628 601 -3.7735850000000e+01
633 601 -2.9761910000000e+01
602 602  1.6372840000000e+01
603 603  4.0866370000000e+01
609 603 -4.0866370000000e+01
604 604  1.3420260000000e+02
611 604 -2.8409090000000e+01
640 604 -2.2598870000000e+01
605 605  5.5269580000000e+01
626 605 -5.0301810000000e+00
629 605 -1.6051360000000e+01
633 605 -3.4188030000000e+01
606 606  2.2357470000000e+02
622 606 -1.2048190000000e+02
607 607  9.9115770000000e+01
616 607 -1.9440120000000e+01
626 607 -4.9019610000000e+01
638 607 -3.0656040000000e+01
608 608  3.3673330000000e+02
628 608 -9.9502490000000e+01
609 609  6.7085560000000e+01
633 609 -2.6219190000000e+01
610 610  5.6308490000000e+01
611 610 -7.9681280000000e+00
627 610 -8.8105730000000e+00
640 610 -1.2936610000000e+01
611 611  5.0374580000000e+01
640 611 -5.8548010000000e+00
612 612  4.5259330000000e+01
631 612 -3.4810010000000e+01
613 613  6.7970540000000e+02
614 613 -2.5252530000000e+01
644 613 -2.5445290000000e+02
614 614  1.3163550000000e+02
615 615  1.5427480000000e+01
622 615 -8.2372880000000e+00
642 615 -2.9239770000000e+00
646 615 -4.2662120000000e+00
616 616  8.4375190000000e+01
617 616 -6.4935070000000e+01
617 617  2.1418880000000e+02
639 617 -1.4925370000000e+02
618 618  5.9687790000000e+02
619 618 -4.1322320000000e+01
619 619  3.5512350000000e+02
620 619 -1.0638300000000e+02
645 619 -1.5384610000000e+02
620 620  1.0638300000000e+02
621 621  2.1246050000000e+02
622 621 -5.8139530000000e+01
643 621 -1.5432100000000e+02
622 622  1.8685870000000e+02
623 623  2.2471910000000e+02
624 624  1.5486190000000e+02
640 624 -1.2004800000000e+01
661 624 -1.4285710000000e+02
625 625  5.8823530000000e+02
639 625 -5.8823530000000e+02
626 626  7.1733960000000e+01
631 626 -1.7684170000000e+01
627 627  1.7621150000000e+01
628 628  5.1775940000000e+02
630 628 -1.4970060000000e+02
632 628 -1.1947430000000e+02
629 629  5.2949730000000e+01
639 629 -1.1286770000000e+01
630 630  1.4970060000000e+02
631 631  5.2494180000000e+01
632 632  2.5345620000000e+02
633 633  9.0169140000000e+01
634 634  2.0908230000000e+02
660 634 -1.4285710000000e+02
635 635  2.2704960000000e+01
636 636  1.2193710000000e+02
637 636 -8.1037280000000e+01
638 636 -4.0899800000000e+01
637 637  8.1037280000000e+01
638 638  7.1555830000000e+01
639 639  9.6707650000000e+02
640 640  1.1934120000000e+02
641 640 -5.4945050000000e+01
641 641  5.4945050000000e+01
642 642  3.8511170000000e+01
643 643  4.3587420000000e+02
644 643 -2.5445290000000e+02
644 644  5.0890580000000e+02
645 645  5.3059530000000e+02
646 645 -7.6923070000000e+01
647 645 -2.2048290000000e+01
646 646  8.3914830000000e+01
647 647  2.9378740000000e+02
648 648  1.6285250000000e+02
649 648 -3.3333340000000e+01
655 648 -4.7619050000000e+01
649 649  3.3333340000000e+01
650 650  1.3844370000000e+02
655 650 -8.1300820000000e+01
651 651  2.6077100000000e+02
652 651 -1.0204080000000e+02
652 652  2.9383980000000e+02
656 652 -8.3333340000000e+01
657 652 -1.5873020000000e+01
659 652 -9.2592600000000e+01
653 653  5.1061470000000e+02
654 653 -2.5000000000000e+00
656 653 -2.9649120000000e+02
658 653 -1.0000000000000e+01
659 653 -2.0000000000000e+02
660 653 -8.7720070000000e-01
662 653 -7.4627420000000e-01
654 654  7.1684150000000e+01
655 654 -4.8478260000000e+01
656 654 -1.0000100000000e+00
657 654 -1.4705880000000e+01
658 654 -5.0000000000000e+00
655 655  1.8271110000000e+02
658 655 -2.5000000000000e+00
660 655 -7.4627420000000e-01
661 655 -4.0000000000000e-01
662 655 -1.6666670000000e+00
656 656  4.0378970000000e+02
658 656 -2.1428570000000e+01
660 656 -9.9010880000000e-01
661 656 -5.4644810000000e-01
657 657  8.6608740000000e+01
658 657 -3.4482760000000e+01
659 657 -2.1547080000000e+01
658 658  9.6884880000000e+01
659 658 -2.2727270000000e+01
662 658 -7.4627420000000e-01
659 659  3.5770030000000e+02
660 660  5.1269270000000e+02
661 660 -3.5856430000000e+00
662 660 -3.6363640000000e+02
661 661  1.4879570000000e+02
662 661 -1.4064890000000e+00
662 662  5.1105920000000e+02
